$ANSIBLE_VAULT;1.1;AES256
63616437373262633133623762393163386538643862666130326263303535366233643136656563
3134613733336465376134386665663763353733633631610a383961316539383963386331653466
31393865613333373835626261633862316330636139333662663263343330336265666362656161
3631336638633132330a666363616462396330326362323332343465343734653836656433346535
31633936376336656137383831653939613935663964373963653031336433656164333236613935
37613532653031383661373833393438386237633836643333646334613731313330643131666439
63663861393533326639363431353438623734393833323165333137646562383133316139376561
66303236373961393032323934373933613232383134666637623734623665616665646635393665
34333633633139623436656430353839386337383433303334313039663234306130333536636638
30626561366533643938633130653235336263346166666438396566346637366333393336613866
34396236626331333035306661393531383235363063303063386563313563353036656132616639
38666263323332626538
