$ANSIBLE_VAULT;1.1;AES256
33636330663065383832323837356134653362666566393036643337613735656664383335353766
3066386130616335656134343330366164353531386437310a373633366561336332653339356132
37666635316134323663636235643461626566353830383032316433613132316166343833326136
3264613734626463610a313036663366613830613161616536373561313338373461636437336365
34383931306333303965663539313233663066313965396232643231373865353332373834333934
31373065663165323433373833396135346163353637326437623134323334356330613437643837
32623666313032643963393264363331363331313736656162653761663639616132313330336130
64613264666432373335383334613964343536633632636335353163626538353666303238326239
37663735643736636636326339626634663536623838633430666161303236343334663964323963
63626430656332653336386465613763626432663332646465366265366138356463616234393536
30303737653737393631313262323661323963663966383630346632383464383862323536663733
34313338636135323337373638306434656235353834336339333764376430323834663530303039
33303434313936386464303739353136383165636562643039356361623664373631616438653966
30613162363930316161656561656661633237313331323836643261306163646235616332333332
32636564626130363232646236373631613963343136653733363133636663656239356232643132
61383966306136313565653035306134643635626662313365363061333533666662376634303836
35643030613435386466313962666333643338386537626639366562396634303066333862393834
64383338303062313335613665353764643637303832613632613039636137623463326639663938
33306631653335373164333737333763396435636162663736613561313532313138666465363835
37326131636465643063363338313862326564393561663032326136303361633737663533303830
38393539366334336465383637666132623732343433663339376266363639383132383133376463
35656663383066656639376437363664336235353664626366386666306466663663663361353039
33626137626232313230353235643030656632636234393062613064356662393234363264356134
37346261353565633233616364383538303161313262336633366534386532366432643765333132
30393233633435653439313561386137626562366666373331633864363266663639633932306464
34343835386331666263363233653236303732633963363462656430636332343266376534633030
34303564643734306365386538646262663136616464343033303961346665346339393732646664
39376435383861663761343362303332326133393463633061326536623938336134336264356366
61646564636530396162393764303135373030323730373564663535646362613035383233666630
34623336366264393736636461646130373062333638316532373133383836616665376362386338
36666566386431336237353964363339633534623162663834336137323535383065393966643939
65323465323862323064393832353939323738643862363463323336313964393165326134653964
33386637653139653964373539653532393137356336643637616238653335613930633261393339
30393537366638386536353433643933313330383734353562613563656438336530306138653162
38353964646338303362623535633630373736343862376536363132623436323038636662313865
63396565653436336538306437336637353461616265323338663362396638333438646338653631
66336264363930396532313932336231353433356464653537623361653061653363343030656635
30636462656434303638323634376536313235383439323261333033393036336336666534303734
33363735346363356131303666353538346137303862336230383031633664613036636130313966
39636464643663303439303338336233656265653465323062353134303932346634303232313034
31313036653231643665333866363862333036333031343637643732343136626631376533643831
31343236616237303037643835636638343063623865333862303430343334393138656562346232
30316634393661643033306166316137366163353637663462636331653564386462363039646230
65346466623162663836366639653731613761386435393466383162636330643565646537326264
38353935303066623162623966643036633962636434356638383238313931636435643038376635
34323063663930633762373461623663373136393265653463393562393464616235616164626431
63383165653935323132393734626334363965343561623734396430313531346534623832326132
63356230323335633933643037643436356564623532613361663063623032313734656361323430
36653838363939646136636238653733306262356139623064306534303633333333366661323164
66323831303936393263306364633238666663373064616236303964363862333239646165366461
61316134653530343435663737376632346133393938313936333739356536656630373562633463
61306533333730396230626135656433343966636337326462623635343862663034623137656139
31626438666331633839393865613134336538303239653737326633313037343932616632363563
39666136346532663739366630393030663233353334336430313538363637373737626133346531
32336231366437666666656266393739646362363836626535653766616234373131636534333261
32373739333964613639356631666365346632613261313531393130393463383230643661626537
33383232363836623737366665373439646432656565323466333433663539353930613030646131
65653239663466313765633562613830646435373964366161396635373739616364336138366630
38626230316337306433346366343536363865393331323061383261666666653538373531366338
30383630366261623436366139633864363330346330353762663365306335356564396130663030
31333763313831333932613139363532656262666631323534353337333432616138633034343038
66656539616230656163643532393265313761643731303565386433303261343737666232656162
64376438633234623436343035366561623766643533316435353134353038356637376362333865
31613138643139623163663164653765303432616139333463303132666461373236313561343639
63663861393437613933663164616561386431643166316336623439303739613164383765633164
64313266393835643765373065613532633336343033613938316133376261346439353030373466
64366434346331353434343763663963363434343461323638393937623062613961633462643264
64316532363933656565386264633763613766326232316637353663613034666565666235303561
64346562633465306262386134326236303939396333346635303538316165313137316434366131
32353366313534323661633533643532386134303162656530626466626539643663326362353036
33323634653134383435636335303264326534323630313237366139303932386465363138616535
37633131366131386235383531306639316636313863383530386630393835323631646234383563
30323336623761346633396338316135363739626337646339623266633136393438653866373739
36663361323338323966396634623331666665363231656466383564363665306165613465306533
32636464313265636465393639636435353964353636653236323537393230343635633334353965
64373636663965353035666232333036336634356239353331313033643930633735303835323337
65306437666335303634333839663937386632346233633832366137363532393365363938313864
61353333623664653566616130363137326237343932653336666439366135396363363062316533
65353566613261623730633333653164666361623837366231376365343534326134376161623661
35613530376337633163373862393237613530343863356463633265346662336532653766313630
33373962313435343665353561396262633866363365643363666435366161383333346432343964
37326135646564643433313138303464376231653839323438373733393835326139326633313636
38316439356531353939343464373461616133616562666135333162393432363363653832306264
38636330326436333837666437323861643832336661656236626363383434303762633738623735
31363630396337636438303339336238333537396537333430396535623966626439623934633632
35356465623563646638666630353439353631663334656134633064613761346665386561636138
38383232663533326232386532333363323136303833326163653634313533616530653138333230
39303533323235346664626165336531363338383535396432393938316461343932343434643634
37313733386536613438616566393864343363316264633764623830306463316338613162663664
39633539326533323032303838386637316435663332623663373866333462353662333265623939
39363266613539333535396433633231656431653738346531393439313835653264623836346238
36336438656261393239333530306362343733386233383061623661356532636363373131623631
65356235316431343937353363333738633265613166353930313335303035386537313134366533
33303866303539353335666133356633336663633937343234653062633064646338646536353235
33336566336661383063376638616630386566363138326134383532646336626234353131313665
31383332396435353036353862633434396430613438343133353839336135316363356666623765
62643965393661343430343337316561636534663033356263663462336665306162656130376165
66373162666534356363356137393164363431323436326664613161393364323366666238333438
64393066663336636663343961626436633364316130326537626337353663643637636634393532
32646163393066626463353731633166633464353438373238373032643133633764363330633563
30376261393734646437613463363336326363316239306664323066393463386539393930346236
39623130353935376331653566396436323866646335323636363461633462303864626632383565
35303830646561316132633838333965613166343130326335306337346330613131353666623062
62343732363936343638396363366235396632653334623766623065343765393065626366626264
63636465626337386630626165633632363935333938653265366461343266353338343862313237
35643837346362376439636461343436393762373562383034626263383461646433313931383433
62313637386363663836346536353535646633393535323930346334323733613133623731663939
63336366383366333565383564623765333434333436323539306662623936653232663263356266
30383136353930363262383436383764373066623161373566626465666237383039616162373632
36366337343664396662363239303866616665623530613739383863653964666230383864396432
33373135326532633061373634643965353136613237323035346533333038393561313231336235
35636238653634666335633764346662323939373338303266363135383038346638616461623835
36316337623662636332326537333236353938366230636363396466336330623036303434656266
35653237313435333464363836616435653364613863333661333434643933396562663538313339
34386232326538346131383733663661663562383965623435323238303136363761396163623539
34303863393735383139356663326439316633323661336139386635316239396432663465363135
63626433363030623635616536313638646638306264316266366130373033343636363064343862
61653264303464616336326365363666623163656137376534653162356263376234646262333938
36383031663166633839303265333330633630316638653632346433326632323036646262666466
63623632373764383632663435623138633263353437343762316665663462643731656435613565
39343532383138623062303035623263626334643365613731613039363766373365646563393635
39646663373163383239363534373730386163366635626330353165336563313963306533383231
33333033323763373537643563643237633539323863313061666534373066366537363566373539
34363538626539626231393334613136366364303636643961356131663664323530373430363739
37366461313239383862366234376362646130306531326563343633303739646464633561306236
32363630326630663131646162396666653936303839613662643166313835616263616237626463
64393861386665633062643631626139623665636164383239383330306235316363376164356661
31303963663135373334623964643832356238643265633565323133333966666138613730616632
66383538323731623863316165313839326665386639616638643262666436613130633064653565
33613034373237616134323738303438323564376361326134343439376534323131646162333461
62313466353135613633613065323436623062313634303162623064393365316132636136366463
64303531643133343138333766386330306631666530633132653261393066353465326537626135
65613635373430343630393864363062316635313362376434393734303935616536633763646366
39646334363433313332363231653066343838366233393633656161613531383134383036393630
39646239616461393235386532636436356365363335333739623232656133393334326439646666
65356332613732373933656232343864633833383432383766366162633662666434316666663561
33343661623731323338313462626564653361623963646639643265336164333136306461303736
31663438636432373133623233323633386231666332373135356661323833623639316262643864
64356536373535373735373233306339346634643964646463323937346631633138343163366133
33613465623965666334316563623966303630373339316231633430623439383839316334343032
35336664313535333934393531613932313430346433623932393138626665643164636336383534
31666565353661623962333232383739346365616539333431633235666131303331373330333336
33383862353535643863663636306535303938616263343366316166653033383836326231306661
65363135353163363830663366646364386435313430613030313137313837373935643061363432
33343438643766613465663730626265333864393263366264346332373239653962393038316639
34336663386465303535323936323564643138306632383331613639666539633262643635353362
65343434343531633537613739386532343164313530326665353835336561633937343266343836
65653231383362376436373464656438663635353936353031363436663538336164633961333564
36383863376265646236623261646363356336363033346362323734626230346666326564356136
61616334646266393362363735636432383938373236343936323131613738623431613261343531
65353337663137653162336530376534613461346538393337616435303964653534653138366436
36666531386131346234313735353265376131383234626339316332386535356437343333333038
32373365643131326161313863623835313731346132326133313930333433623939343931376233
66636565363661373838303138346333383634616232303066363338666136613336646364313665
37316534363339343661386266346637643662623166323661376638636233373434366630663731
66663632393661366133353366326662363636343333346335663639303532326165383934326539
35326231376433613539653137383661333034393034333165363363333235303966613336633862
63623631386331323337656662383433643065386361633635326363333539653030366236383435
37376561653139393737653532396435343535306434643366353638656364656331313564306662
38336139303161633864313361383437313737366538386631323666346335386232346230373363
65653164346530383731376439653634376461616162326336656163656637306537623636326533
38343837366363613834313336613438373066613865663331393263616332396239303663353434
39386565643936333838336166323733623231626263633134366233376232343935646638613738
38353265653738626366623761343834373962653262356238656330643262663935646462353533
35613635393066333334356432323238336131373937656264663630353139386464303636303065
61663962386666643339363831313639346331613761366161343766316134383532303161343232
65376464363039653364366633396261383730393862343734623638623538623537626365623535
38663634373237376433616638373166323461336633313235353430653962333561336531613038
37653637633838356462316439373061346234636230626431626362363231636431306464613937
3561643431626361333635626636383137363433343665376162
